Outcomes	coefficient	pval	pre_cont_mean	pre_cont_sd	pre_cont_n	post_cont_mean	post_cont_sd	post_cont_n	pre_int_mean	pre_int_sd	pre_int_n	post_int_mean	post_int_sd	post_int_n
Total Grams	103.045964813527	0.857158430939612	2837.15730769231	858.273011702413	13	3393.98645454545	1088.72061211602	11	2937.63358333333	814.93533759919	24	3597.508695	1525.53214356686	20
Energy kcal	-371.067241083906	0.4219457046089	2640.88753846154	869.472805623865	13	2594.53380454545	794.957575526839	11	2807.502875	982.766395486931	24	2390.0819	869.914394888909	20
Total Fat g	7.91856194638697	0.543098927530663	51.4805384615385	24.1702649951526	13	45.7798181818182	23.9613823216365	11	52.6319583333333	24.2945174303196	24	54.8498	28.1375515816591	20
Total Carbohydrate g	-116.427488694637	0.128965019165563	393.703846153846	149.403043857238	13	408.387218181818	171.314008597673	11	423.902916666667	148.144121869892	24	322.1588	135.163431103005	20
Total Protein g	10.2739023484852	0.669434916366954	133.1299	37.8583861887077	13	128.693181818182	41.1809407658887	11	125.670070833333	42.4969811361423	24	131.507255	58.8568356115832	20
Animal Protein g	17.0261745920747	0.43044779974356	105.559923076923	31.924597524118	13	94.8551818181818	39.4561617312637	11	93.6289166666667	39.1065409984355	24	99.95035	51.6013889656746	20
Vegetable Protein g	-6.82963627039611	0.310619016191406	27.0908461538462	7.90137865445174	13	33.8379090909091	15.6654943072636	11	31.9025833333333	13.4262765498389	24	31.82001	13.8868131383281	20
Alcohol g	0.0634927738927739	0.121862790443	0.0689230769230769	0.107606119357019	13	0.0203636363636364	0.067538541185419	11	0.0186666666666667	0.0632418866882073	24	0.0336	0.0820618508712852	20
Cholesterol mg	45.241391456877	0.513852251365425	330.630446153846	116.155780679745	13	297.989636363636	133.738086989663	11	296.513458333333	123.859929061185	24	309.11404	158.547214523658	20
Total Saturated Fatty Acids SFA g	3.6230088898601	0.732209999758226	18.2624692307693	23.4992085255772	13	13.7974590909091	19.1259751635939	11	16.09725625	20.9617572561699	24	15.255255	19.2168023051985	20
Total Monounsaturated Fatty Acids MUFA g	4.73190513986016	0.159574426106214	16.3267692307692	7.80707496605746	13	13.1189090909091	5.5872317556111	11	15.545375	5.09070805541182	24	17.06942	7.56469101380326	20
Total Polyunsaturated Fatty Acids PUFA g	2.32678685897441	0.469551581927822	14.4673076923077	4.9948396601662	13	12.54	5.75531959147361	11	16.0008208333333	5.9823912323897	24	16.4003	7.50033267402538	20
Fructose g	-14.6020043560606	0.123591971885317	14.2375	21.6302783420891	13	17.2604772727273	24.8325351105799	11	16.9996770833333	19.6461330205263	24	5.42065	7.02744598567495	20
Galactose g	0.00557450174825227	0.691720532781611	0.0146846153846154	0.0297894163575435	13	0.000636363636363636	0.00143336856898198	11	0.01746875	0.0335486273045819	24	0.00899500000000001	0.0248670194815289	20
Glucose g	-1.75550712703965	0.437612101709996	0.856384615384615	2.1488636352912	13	2.91279090909091	4.38568098257376	11	3.30342083333333	4.9371496997127	24	3.60432	4.79755982235268	20
Lactose g	-0.672347569930097	0.824010648190503	3.23471538461539	6.06652018854936	13	3.78384545454546	6.48058332071483	11	2.9094375	5.74647473203563	24	2.78622	5.68806972842004	20
Maltose g	-0.664858613053622	0.384967863760607	0.105461538461538	0.327116598831012	13	1.34498181818182	1.86608654023236	11	0.728033333333333	1.39138442056719	24	1.302695	1.80397677032395	20
Sucrose g	-81.9151337995337	0.015123857668566	111.314969230769	73.2088585458002	13	111.951236363636	80.4928095770955	11	121.054666666667	65.6473936385614	24	39.7758	44.2948243401677	20
Starch g	-11.8888682430054	0.780499335185486	215.703538461538	70.820008925933	13	228.627995454545	91.7172944372556	11	215.67320625	79.2972971975885	24	216.708795	90.6711123773471	20
Total Dietary Fiber g	-7.3155680652681	0.0598662125298367	4.77730769230769	2.90099099115617	13	11.0709090909091	11.0452483467285	11	8.04854166666667	7.86663973193775	24	7.026575	6.69665162850456	20
Soluble Dietary Fiber g	-2.0125357371795	0.0199591488063931	0.629153846153846	0.599686980314709	13	2.45245	2.18098506127392	11	1.78203958333333	1.81173020312311	24	1.5928	1.58881265166956	20
Insoluble Dietary Fiber g	-4.02205176573427	0.296768180937634	5.10543846153846	6.43450949821074	13	8.32767272727273	9.03155645501826	11	6.9378375	7.63651337080253	24	6.13802	7.07633914859194	20
Pectins g	-0.493943446969701	0.125121958345854	0.06	0.114941289361134	13	0.456536363636364	0.734594353398837	11	0.475802083333334	0.750953482968439	24	0.378395	0.580047052742049	20
Total Vitamin A Activity International Units IU	-516.595935477869	0.498539028287023	870.464538461538	645.999920157582	13	1464.81552727273	1563.50697935566	11	1635.35606666667	1591.99150710628	24	1713.11112	1690.80188929695	20
Beta-Carotene Equivalents derived from provitamin A carotenoids mcg	-97.3768129661948	0.574583141796355	16.5347692307692	28.5424392824494	13	85.3205363636364	265.989875154233	11	266.658970833333	406.943673103072	24	238.067925	385.270500245637	20
Retinol mcg	-117.023505075762	0.5681246543933	251.688	186.282387590275	13	354.803790909091	343.853827218603	11	419.492354166667	455.606914735739	24	405.58464	452.226339736791	20
Vitamin D calciferol mcg	8.66070355477857	0.511192379022272	56.3903846153846	18.490457027606	13	47.1452727272727	25.1537401079478	11	55.8657083333333	26.0552248544429	24	55.2813	29.3235028641029	20
Total Alpha-Tocopherol Equivalents mg	1.82140437062937	0.216467305222739	4.61353846153846	3.62706703401395	13	3.34990909090909	2.02903535969906	11	4.009125	2.24711754133272	24	4.5669	3.3237017869269	20
Vitamin E Total Alpha-Tocopherol mg	1.26441494172494	0.270489513086664	3.42904615384615	2.52839364571506	13	2.66745454545455	1.434869566451	11	3.08631666666667	1.88741619282222	24	3.58914	2.71344048539663	20
Beta-Tocopherol mg	-0.0394073863636354	0.705137510537492	0.309	0.217120166420963	13	0.312713636363636	0.223758669207373	11	0.28174375	0.196578388674904	24	0.24605	0.191386760527637	20
Gamma-Tocopherol mg	3.67987480186484	0.279296173212727	7.76147692307693	8.92872369874832	13	4.13654545454545	5.36717881877689	11	7.56916666666667	4.99227340969036	24	7.62411	7.20775273459437	20
Delta-Tocopherol mg	0.312168633449899	0.650838311898952	2.04669230769231	1.31158507060575	13	1.56090909090909	1.37103336608162	11	2.58256458333333	1.29279071665165	24	2.40895	1.42063956964534	20
Vitamin K phylloquinone mcg	8.24819364801883	0.389254287037626	12.0122307692308	13.3757274391205	13	10.0670454545455	21.9919552478339	11	15.9356666666667	11.1059293159562	24	22.238675	25.6579028870224	20
Vitamin C ascorbic acid mg	-18.7077652972032	0.587466583086614	16.1455153846154	47.2122197524443	13	36.3202181818183	67.7504596311027	11	43.1631875000001	68.6432776108253	24	44.6301250000002	75.8442234937882	20
Thiamin vitamin B1 mg	-0.176495582750572	0.663161231433079	2.24346153846154	0.562351108499636	13	2.37814545454545	0.819186738617803	11	2.47979166666667	0.772124003285272	24	2.43798	0.914937482822561	20
Riboflavin vitamin B2 mg	-0.150639452214455	0.560836381380501	0.977846153846154	0.36412105270863	13	1.05172727272727	0.401086546996802	11	1.20839583333333	0.535199165064962	24	1.1316375	0.588713877397832	20
Niacin vitamin B3 mg	-1.06935700466189	0.872175265914569	32.2449076923077	11.3687142241667	13	34.7906363636364	10.3495686313269	11	33.1164083333333	11.9218331039395	24	34.59278	16.0856577181957	20
Pantothenic Acid mg	-0.0920119230768886	0.945067871039104	7.42332307692308	1.96352675652504	13	7.511	2.34100888507498	11	7.411425	2.4199183394864	24	7.40709	3.24947418740811	20
Vitamin B-6 pyridoxine, pyridoxyl, & pyridoxamine mg	-0.109834696969689	0.823049115930012	2.3883	0.731078338255667	13	2.44763636363636	0.853780682930608	11	2.47578333333333	0.945971648930194	24	2.425285	1.14073391439343	20
Total Folate mcg	-36.0781245337979	0.569859810385844	331.843230769231	101.799287254507	13	362.177863636364	130.630316281117	11	367.079916666667	127.574763284606	24	361.336425	128.668283100308	20
Vitamin B-12 cobalamin mcg	-2.73424330419591	0.68907216404057	7.61772692307694	10.3685406162628	13	14.4091227272728	17.3143085320837	11	7.34753750000002	10.6539916811601	24	11.40469	15.4147535092846	20
Calcium mg	-96.6397921445229	0.453202200159966	443.318138461538	258.51981026622	13	498.809727272727	230.851901073433	11	483.368483333333	265.9007918412	24	442.22028	238.74324443267	20
Phosphorus mg	40.7664604836857	0.905500542640203	1919.05737692308	530.818003088014	13	1800.83372727273	559.25430734865	11	1914.41982916667	658.413506909335	24	1836.96264	806.994571217207	20
Magnesium mg	-30.5024007867126	0.661992664742544	336.272673076923	111.25904878431	13	347.769636363636	108.057462970655	11	369.8673125	141.228103389945	24	350.861875	156.522884374074	20
Iron mg	-29.4039003292507	0.771843851531798	98.8371307692309	206.55991253807	13	69.6046681818182	164.297635426445	11	129.902447916667	227.648631963995	24	71.2660850000001	168.712104360045	20
Zinc mg	-29.6660133012782	0.801278749915036	108.127884615385	239.64976267965	13	69.0422500000001	192.080335645629	11	143.441072916667	264.476117136902	24	74.6894250000001	196.14612160279	20
Copper mg	-30.0727362645648	0.804127810850709	102.188261538462	246.36514456833	13	61.3090636363637	197.668459246043	11	138.022354166667	272.113228073267	24	67.0704200000001	201.854645712004	20
Selenium mcg	-10.0910757109552	0.739377662316978	156.558273076923	59.6927703306921	13	172.000595454545	67.2241519313575	11	155.444458333333	44.4429641880948	24	160.795705	69.4259964625964	20
Sodium mg	924.580749592057	0.291033706903071	2911.41492307692	1476.26435559334	13	2640.81718181818	1330.41517625107	11	2739.89929166667	1487.8449146929	24	3393.8823	2191.31643482009	20
Potassium mg	-472.601670527385	0.438883649722155	2649.64415769231	999.3657839353	13	2667.43791363636	1144.59734932068	11	2902.26246458333	1423.96898208025	24	2447.45455	1001.68888035308	20
SFA 4:0 butyric acid g	-0.0047121794871802	0.963841224323239	0.113846153846154	0.215016993961659	13	0.135	0.22865738562312	11	0.0829583333333336	0.186432521693313	24	0.0994000000000003	0.200899136777376	20
SFA 6:0 caproic acid g	-0.0366143414918428	0.777457396961471	0.152438461538462	0.284767672961842	13	0.119163636363637	0.263400175674685	11	0.136729166666667	0.26997304934602	24	0.0668400000000001	0.200126868708196	20
SFA 8:0 caprylic acid g	-0.507907470862484	0.621527110474206	1.16087692307693	2.20334626048421	13	0.91687272727273	2.03151494461199	11	1.25774166666667	2.2222819885085	24	0.505830000000001	1.54580318931786	20
SFA 10:0 capric acid g	0.16629204254078	0.848287135235971	0.94604230769231	1.78997795713222	13	0.746518181818184	1.65102341265543	11	0.855802083333336	1.6926515110708	24	0.822570000000002	1.67405236024508	20
SFA 12:0 lauric acid g	-1.8720133828672	0.765856294014444	7.29161923076925	13.8415815702262	13	5.75233636363638	12.7652730977463	11	6.58628125000002	13.0927453878824	24	3.17498500000001	9.71137969936764	20
SFA 14:0 myristic acid g	0.959686249999993	0.697029492010574	3.55995000000001	5.58997415002224	13	2.88590000000001	5.18271586231583	11	2.23518125	4.30137608779504	24	2.52081750000001	4.67893427835069	20
SFA 16:0 palmitic acid g	0.518549321095574	0.777209324549982	6.43645769230769	3.73942049297337	13	5.83154545454545	2.95223448810003	11	6.84416041666667	3.66002810864649	24	6.7577975	3.68686566056757	20
SFA 17:0 margaric acid g	0.000276148018648025	0.913695295036882	0.00328076923076923	0.00492187034493064	13	0.00469545454545455	0.00661137105846641	11	0.00429166666666667	0.00398343490259203	24	0.0059825	0.00510838513467911	20
SFA 18:0 stearic acid g	0.651946451048948	0.472316434998388	2.46523076923077	1.69451168747057	13	2.14918181818182	1.59518236062099	11	2.4364875	1.69822465023419	24	2.772385	1.97756222179707	20
SFA 20:0 arachidic acid g	0.0253789860139861	0.250578072912808	0.0389230769230769	0.0553947373229346	13	0.0289090909090909	0.0456430817221067	11	0.0365	0.0286614420584444	24	0.051865	0.0467997303748418	20
SFA 22:0 behenic acid g	0.00270023310023322	0.880807411677769	0.0126153846153846	0.0169928340854729	13	0.0241818181818182	0.0459321634191517	11	0.0285833333333333	0.0198995666692315	24	0.0428500000000001	0.0490287509636199	20
MUFA 14:1 myristoleic acid g	0.00298083333333332	0.32375625620288	0.0044	0.00686949779823824	13	0.0013	0.00431161222746202	11	0.00297916666666667	0.00593237097308647	24	0.00286	0.00586859617392709	20
MUFA 16:1 palmitoleic acid g	0.365215617715622	0.542806727926123	2.61323076923077	0.974300873605116	13	2.29618181818182	0.969567513707201	11	2.53333333333333	1.13027879079789	24	2.5815	1.40859326989731	20
MUFA 18:1 oleic acid g	4.38821656177158	0.153196429202285	12.9689230769231	7.44453051420458	13	10.0898181818182	4.86265305811924	11	12.2674583333333	4.40922616674318	24	13.77657	6.97463082170323	20
MUFA 20:1 gadoleic acid g	0.0666804487179487	0.590019989668501	0.539384615384615	0.189984007424107	13	0.515	0.198243284879968	11	0.549541666666667	0.223032650985897	24	0.5918375	0.305137418083187	20
MUFA 22:1 erucic acid g	-0.0106282051282061	0.867369767299846	0.127538461538462	0.0496783242212929	13	0.156	0.11351299485081	11	0.163916666666667	0.127181115861924	24	0.18175	0.155670662821091	20
PUFA 18:2 linoleic acid g	0.712233216783254	0.71262801737823	5.13269230769231	4.09188384456791	13	4.50390909090909	3.43241741210318	11	6.816	3.17651852080914	24	6.89945	4.37227197924904	20
PUFA 18:3 linolenic acid g	0.135259396853152	0.672475394502718	1.23530769230769	0.483300007692838	13	1.09945454545455	0.617303387911708	11	1.50999375	0.632190567772866	24	1.5094	0.696201830989896	20
PUFA 18:4 parinaric acid g	0.0272735431235431	0.645288292984192	0.245153846153846	0.103563866087426	13	0.218363636363636	0.112940048456934	11	0.231666666666667	0.107183981065743	24	0.23215	0.133205134641037	20
PUFA 20:4 arachidonic acid g	0.142693531468533	0.568391038696501	1.07092307692308	0.374752910048399	13	0.900454545454545	0.479237595277408	11	1.020125	0.496369367420113	24	0.99235	0.544122594061689	20
PUFA 20:5 eicosapentaenoic acid EPA g	0.283936247086248	0.439438033959649	1.58069230769231	0.568908953555749	13	1.31727272727273	0.658974975383602	11	1.47658333333333	0.67529561428064	24	1.4971	0.86251693499774	20
PUFA 22:5 docosapentaenoic acid DPA g	0.0847910023310025	0.63957396801235	0.748846153846154	0.290801721153161	13	0.650181818181818	0.33738755702658	11	0.756958333333333	0.350180634029461	24	0.743085	0.39968643930356	20
PUFA 22:6 docosahexaenoic acid DHA g	0.503524504662005	0.624570679347001	4.38069230769231	1.56041406815709	13	3.81336363636364	1.93105863570878	11	4.39491666666667	2.00028762967961	24	4.3311125	2.29455306173664	20
Tryptophan g	0.140554828088582	0.606840073913467	1.50739615384615	0.426900679540696	13	1.42609090909091	0.458676019548756	11	1.41942291666667	0.482572518988004	24	1.4786725	0.671674028958714	20
Threonine g	0.55414616841493	0.589345782999973	5.58813461538462	1.57471356725922	13	5.24763636363636	1.81244223481618	11	5.20361458333333	1.81169746847482	24	5.4172625	2.50490893110408	20
Isoleucine g	0.607637896270411	0.590285167504527	6.07574615384615	1.76220527683137	13	5.72890909090909	1.86653633527695	11	5.66865416666667	1.98698756062257	24	5.929455	2.79142474968099	20
Leucine g	1.11044379079257	0.56602886897624	10.8016576923077	2.97813363785709	13	10.0791818181818	3.28129397702132	11	10.1175645833333	3.43925455113393	24	10.5055325	4.74400146299112	20
Lysine g	1.4920145804196	0.460027840532042	10.6340923076923	3.08452738315547	13	9.62727272727273	3.45474196115742	11	9.694875	3.64674832302995	24	10.18007	4.8901357885678	20
Methionine g	0.497635687645697	0.465009485707502	3.71991538461538	1.04872903701429	13	3.36863636363636	1.16409469311798	11	3.43058333333333	1.22916949397857	24	3.57694	1.64715688301484	20
Cystine g	0.0908849388111947	0.761899460727464	1.69318846153846	0.483242558208714	13	1.66272727272727	0.532891563248864	11	1.64089375	0.518948872054912	24	1.7013175	0.731489039791798	20
Phenylalanine g	0.45358924533801	0.644504774538148	5.59165769230769	1.54351640956699	13	5.32763636363636	1.64070273192479	11	5.32006458333333	1.73593522598046	24	5.5096325	2.41999733695346	20
Tyrosine g	0.450069003496514	0.579548752900733	4.50106923076923	1.25845952615663	13	4.23227272727273	1.35605494659391	11	4.2024125	1.43690506367361	24	4.383685	2.00276199607468	20
Valine g	0.664726317016336	0.596624053340849	7.06387692307692	1.94045987597178	13	6.60272727272727	2.0759418629099	11	6.66993333333333	2.23013690019765	24	6.87351	3.09913565096022	20
Arginine g	0.353396896853169	0.81566397038366	8.44705769230769	2.35191240481781	13	8.18145454545455	2.56104765139723	11	8.26528125	2.81625618480235	24	8.353075	3.61073474817945	20
Histidine g	0.52187441142192	0.443765634063375	3.74229615384615	1.07039182788001	13	3.40209090909091	1.08764594005085	11	3.47895833333333	1.21197616130834	24	3.6606275	1.68186388917295	20
Alanine g	0.865645547785568	0.546421637513035	7.82779615384615	2.22813963286093	13	7.29772727272727	2.53360514251566	11	7.29495833333333	2.5710337200225	24	7.630535	3.45534374800372	20
Aspartic Acid g	1.39293969696973	0.561723084149317	13.20865	3.70004019246188	13	12.2893636363636	4.09991681068597	11	12.3257916666667	4.36095301689662	24	12.799445	5.7880686599995	20
Glutamic Acid g	0.490823642191193	0.895291080790709	21.6077153846154	5.97939011129705	13	21.9110909090909	6.02984206185445	11	20.9975958333333	6.65386883984107	24	21.791795	9.15363241626399	20
Glycine g	0.646655168997689	0.587225268839204	6.26869615384615	1.91601394397996	13	6.03918181818182	2.18085101821201	11	5.85441666666667	2.02044189993538	24	6.2715575	2.91026344793528	20
Proline g	0.291021491841504	0.761834658442043	5.34393846153846	1.58889379209691	13	5.33136363636364	1.65211272452743	11	5.17483333333333	1.66375726351053	24	5.45328	2.34203684577066	20
Serine g	0.437935285547799	0.663499825247464	5.76365384615385	1.55368413489539	13	5.51927272727273	1.77546377551946	11	5.46652083333333	1.77840647698247	24	5.660075	2.45296574136075	20
Aspartame mg	0	NaN	0	0	13	0	0	11	0	0	24	0	0	20
Saccharin mg	0	NaN	0	0	13	0	0	11	0	0	24	0	0	20
Caffeine mg	-66.8036078088583	0.0345694918377109	46.6333846153846	72.2956551455416	13	68.9539090909091	78.3817901817183	11	44.4830833333333	69.7416256614785	24	0	0	20
Phytic Acid mg	-193.787138298366	0.253233466404636	566.385892307693	316.067786007028	13	706.913927272728	392.423271522507	11	590.969633333333	330.207557995475	24	537.71053	300.987585307919	20
Oxalic Acid mg	-22.7008554195801	0.0869986551413492	40.8446923076923	16.4201516151375	13	58.2983727272727	35.9128988285224	11	51.594625	24.8815978111509	24	46.34745	24.8125782819394	20
3-Methylhistidine mg	11.8103778554779	0.481675514683434	67.5775384615385	26.9960121364106	13	60.4877272727273	28.3516612849791	11	68.9943333333333	30.922715491404	24	73.7149	39.6712641008312	20
Sucrose Polyester g	0	NaN	0	0	13	0	0	11	0	0	24	0	0	20
Ash g	3.71936686480185	0.387521114578046	19.1683230769231	7.01574485403532	13	18.6474545454545	6.47111054400458	11	18.5505916666667	6.785204455086	24	21.74909	11.329288243073	20
Water g	167.376942121217	0.72990939321596	2233.843	711.580937453709	13	2767.67745454545	866.325137068452	11	2314.36583333333	671.120854392221	24	3015.57723	1328.25690853101	20
pct Calories from Fat	4.31299368298363	0.270258237121877	17.8115730769231	7.93507615607794	13	15.5932227272727	8.79537295489407	11	18.0043291666667	7.3209763366602	24	20.0989725	7.06229718213623	20
pct Calories from Carbohydrate	-8.36824264568758	0.073707055648892	60.2966153846154	8.15344771184213	13	63.0180363636364	10.6469984734922	11	62.0361416666667	8.03822361156324	24	56.38932	9.75122502995609	20
pct Calories from Protein	5.34874918414917	0.0650981634037687	22.3108461538462	4.74769333196227	13	20.7583636363636	5.99620407045536	11	19.2238333333333	4.59896639301245	24	23.0201	6.83081845986108	20
pct Calories from Alcohol	0.0188494172494173	0.121862790442999	0.0204615384615385	0.0319455666841149	13	0.00604545454545455	0.0200505044144213	11	0.00554166666666667	0.0187749351105616	24	0.00997500000000001	0.0243621119774128	20
pct Calories from SFA	2.63926903263401	0.613187397631344	8.36739615384617	11.132583754709	13	6.91264545454547	10.3850616523075	11	6.91984166666668	9.5925716092518	24	8.10436000000001	10.1942078012803	20
pct Calories from MUFA	2.22954656177155	0.0215525900636073	5.33532307692308	1.58511357855615	13	4.46881818181818	1.43588556773733	11	5.19775833333333	1.71160084536103	24	6.5608	2.32531021586368	20
pct Calories from PUFA	1.40151743881118	0.0583681940555019	5.00153846153846	1.18904742093441	13	4.18272727272727	1.53748327411449	11	5.45444375	1.33606908661131	24	6.03715	1.60167889793968	20
Polyunsaturated to Saturated Fat Ratio	-0.0478750582750564	0.898407052944395	1.63884615384615	0.777932714116271	13	1.61545454545455	0.642979527455791	11	1.83916666666667	0.777357769273116	24	1.7679	0.692409667298501	20
Cholesterol to Saturated Fatty Acid Index	4.90785949883449	0.653565897056166	34.1930769230769	24.5835553545168	13	29.8604090909091	20.422781856077	11	30.1064583333333	19.7632564860392	24	30.68165	21.5321462543431	20
Total Vitamin A Activity Retinol Equivalents mcg	-191.268379973781	0.391382064771432	254.443769230769	188.786431579953	13	437.673445454546	466.54750935996	11	454.08159375	479.63793453022	24	446.04289	471.290748524661	20
TRANS 18:1 trans-octadecenoic acid g	1.49727517482517	0.144509547500892	1.69486153846154	2.41870377321492	13	1.04823636363636	2.03632708731811	11	0.5569	1.42969249719013	24	1.40755	2.23225724972445	20
TRANS 18:2 trans-octadecadienoic acid g	0.113504755244756	0.149802760700155	0.168953846153846	0.193745471411096	13	0.0949090909090909	0.0955797620267539	11	0.12665	0.125885375743519	24	0.16611	0.176062925055071	20
TRANS 16:1 trans-hexadecenoic acid g	0.00604736596736601	0.437225025456455	0.0338461538461538	0.0114516822188282	13	0.0305454545454545	0.012651985111939	11	0.0340833333333333	0.0143130122210728	24	0.03683	0.0190165883264835	20
Total Trans-Fatty Acids TRANS g	1.40264111305361	0.21883329541397	1.90393846153846	2.60318611049949	13	1.20841818181818	2.18918948143745	11	0.904454166666667	1.82938926515385	24	1.611575	2.38884487431742	20
Beta-Carotene provitamin A carotenoid mcg	-81.3270076923006	0.695393677510258	16.2336923076923	28.1427023234106	13	103.4979	326.433295639141	11	282.178975000001	475.340574319073	24	288.116175000001	474.216098118195	20
Alpha-Carotene provitamin A carotenoid mcg	-9.45390052447439	0.788653271324549	13.0686153846154	47.1171591788995	13	15.4440909090909	51.221923111993	11	49.5496250000001	78.8780142657348	24	42.4712000000001	75.4728290945613	20
Beta-Cryptoxanthin provitamin A carotenoid mcg	0.284359790212142	0.996188728952008	0.593846153846154	0.881447280154807	13	0.109636363636364	0.363622681560783	11	81.5303750000003	143.35526525811	24	81.3305250000003	144.100547871003	20
Lutein + Zeaxanthin mcg	24.350231774476	0.699760060695669	18.8033846153846	31.1386294564015	13	53.2149090909091	64.4527390611982	11	77.33178125	105.908537313204	24	136.0935375	186.847485729748	20
Lycopene mcg	229.379261363645	0.0953471814866372	206.500000000002	322.39802166732	13	61.0113636363642	202.351801129753	11	83.8906250000007	226.72747572952	24	167.781250000001	298.155105439556	20
Dietary Folate Equivalents mcg	-42.9644976748221	0.654329052472694	495.155538461538	153.316569290263	13	533.443913636364	204.075367892041	11	542.676875	187.900763315735	24	538.0007525	197.21673300363	20
Natural Folate food folate mcg	-17.8563256351983	0.502108984964329	99.2178230769231	42.5798951504532	13	120.906854545455	61.2156635142896	11	107.423879166667	55.1273344068548	24	111.256585	47.8297672148156	20
Synthetic Folate folic acid mcg	-11.9820806177137	0.816103145670038	233.437769230769	76.7025073929071	13	249.307018181818	118.801758155524	11	251.123041666667	99.7712090824843	24	255.01021	104.789970122285	20
Total Vitamin A Activity Retinol Activity Equivalents mcg	-193.259394793128	0.384809914548919	253.065846153846	187.523431762027	13	435.128736363636	462.058649638771	11	442.368614583333	477.88607658195	24	431.17211	471.269270416001	20
Energy kj	-1552.54614761068	0.421945478839683	11049.4733076923	3637.87437605095	13	10855.5297636364	3326.10237298184	11	11746.5920416667	4111.89465104967	24	10000.10235	3639.72215622591	20
Niacin Equivalents mg	0.442940442890625	0.967473844229908	57.2037692307692	17.1260585471081	13	58.5585454545455	16.7709202929573	11	57.1333333333333	20.178669755498	24	58.93105	26.3347687357567	20
Total Sugars g	-101.587171984266	0.0100435763775319	127.576611538462	90.2487478861622	13	133.921177272727	100.617216044401	11	146.56245625	71.1605267203502	24	51.31985	49.2637613884101	20
Omega-3 Fatty Acids g	0.942892307692313	0.613693862115962	8.13569230769231	2.71492880154082	13	7.062	3.46405256888518	11	8.36525	3.74217329612898	24	8.23445	4.11346658101873	20
Manganese mg	-25.582288327505	0.372719136649087	17.1689653846154	43.5098379764919	13	19.5985045454546	47.2195051204503	11	44.1143041666667	69.4858393212774	24	20.961555	48.2502710727289	20
Vitamin E International Units IU	1.92705492132867	0.265897383583544	5.22104230769231	3.91604945469316	13	4.04136363636364	2.23614651902451	11	4.60185625	2.81413690843494	24	5.3492325	4.04492496532042	20
Natural Alpha-Tocopherol RRR-alpha-tocopherol or d-alpha-tocopherol mg	1.11187901223776	0.272208463484478	3.20224230769231	2.23711222634656	13	2.57545454545455	1.35038937818959	11	2.96538125	1.61082741004716	24	3.4504725	2.41265467136988	20
Synthetic Alpha-Tocopherol all rac-alpha-tocopherol or dl-alpha-tocopherol mg	0	NaN	0	0	13	0	0	11	0	0	24	0	0	20
Daidzein mg	0.147130652680652	0.116395810437933	0.118923076923077	0.17771065506344	13	0.0819090909090909	0.126673165702492	11	0.102333333333333	0.156956007867801	24	0.21245	0.229582567419998	20
Genistein mg	0.0748877039627061	0.327638049334193	0.0975384615384615	0.143722310599651	13	0.102909090909091	0.147719636166256	11	0.0962916666666667	0.123479087885065	24	0.17655	0.178398570622076	20
Glycitein mg	0.0374129953379953	0.0508626330929774	0.0233076923076923	0.0365909474583187	13	0.00663636363636364	0.0133212066065558	11	0.0172083333333333	0.0336038030542697	24	0.03795	0.0477697052203811	20
Coumestrol mg	0.00396130536130535	0.0978634740868254	0.00284615384615385	0.00466987069496494	13	0.000818181818181818	0.00153741222957161	11	0.00266666666666667	0.00423922333603145	24	0.0046	0.00595067444209389	20
Biochanin A mg	2.50000000000085e-05	0.863521004898585	0	0	13	0	0	11	0.000125	0.000337831962346088	24	0.00015	0.000366347548532523	20
Formononetin mg	2.13082750582719e-05	0.959903115486335	0.000153846153846154	0.000375533808099405	13	0.000695454545454546	0.00103451789386519	11	0.000402083333333334	0.000784147164352661	24	0.000965000000000001	0.000957532464751266	20
Added Sugars by Available Carbohydrate g	-87.7731137820511	0.0314439860640119	123.841665384615	90.9233074211754	13	127.2363	105.240226812401	11	131.326179166667	77.0788548059359	24	46.9477	49.2380132771846	20
Acesulfame Potassium mg	0	NaN	0	0	13	0	0	11	0	0	24	0	0	20
Sucralose mg	0	NaN	0	0	13	0	0	11	0	0	24	0	0	20
Available Carbohydrate g	-104.59317191142	0.172840473279343	388.409153846154	148.111078858541	13	397.488709090909	173.255004985631	11	410.415666666667	148.911029015043	24	314.90205	135.014606340232	20
Glycemic Index glucose reference	3.21854794580422	0.0304390501438902	67.5720769230769	2.56877151123316	13	66.8769227272727	3.21488767854832	11	66.74400625	3.05595161882345	24	69.2674	2.55610117170663	20
Glycemic Index bread reference	4.60902202797206	0.0302726285674567	96.6271538461538	3.67414692697851	13	95.6293818181818	4.59985048057395	11	95.4398	4.37250525979747	24	99.05105	3.65507512306699	20
Glycemic Load glucose reference	-57.9233771561754	0.253715998027723	260.201307692308	91.4927442436326	13	265.320518181818	112.254990207356	11	271.477666666667	100.356090875428	24	218.6735	93.3874594204168	20
Glycemic Load bread reference	-82.7994495337971	0.25386954008024	372.084230769231	130.833491548198	13	379.385213636364	160.516677918128	11	388.195416666667	143.501560251453	24	312.69695	133.535937067803	20
Choline mg	79.4628470279725	0.444064773917523	532.069153846154	157.214862704329	13	468.718181818182	187.840553051687	11	493.437875	190.529134960307	24	509.54975	245.102148176262	20
Betaine mg	-20.355989522145	0.538441899849858	40.0744615384615	38.4737032889899	13	81.7814727272728	86.2924474566934	11	56.6233583333333	58.9526071400757	24	77.97438	70.7057894637207	20
Erythritol g	1.0833333333333e-05	0.891212789776496	0	0	13	0	0	11	5.41666666666671e-05	0.000183514403336318	24	6.50000000000006e-05	0.000200065778656607	20
Inositol g	-0.0154345571095555	0.707970298958625	0.166769230769231	0.0543264113885592	13	0.189545454545455	0.0631670224664162	11	0.193708333333333	0.081112631926051	24	0.20105	0.0995714369316401	20
Isomalt g	0	NaN	0	0	13	0	0	11	0	0	24	0	0	20
Lactitol g	0	NaN	0	0	13	0	0	11	0	0	24	0	0	20
Maltitol g	0	NaN	0	0	13	0	0	11	0	0	24	0	0	20
Mannitol g	-0.00244357226107218	0.251969987376456	0.00186923076923077	0.0033895389596484	13	0.00266363636363636	0.00352484686965909	11	0.00322916666666667	0.00494398881090146	24	0.00158	0.00382272980445843	20
Pinitol g	0.0290040209790209	0.0761099969510077	0.0216153846153846	0.0327834777022879	13	0.00663636363636364	0.0133212066065558	11	0.015875	0.0301103947095553	24	0.0299	0.0385962910680615	20
Sorbitol g	-0.0194020979020975	0.404207797691519	0.00826153846153847	0.0297874005372948	13	0.00976363636363637	0.0323823184076518	11	0.04475	0.054087730666905	24	0.02685	0.0477137021034949	20
Xylitol g	-0.00023374999999999	0.419841906775745	0	0	13	0	0	11	0.000481250000000002	0.000766104275454438	24	0.000247500000000001	0.000604473455078665	20
Nitrogen g	1.55650090617721	0.68634689806383	21.5143423076923	6.08157865798587	13	20.8031818181818	6.59166409669337	11	20.4172270833333	6.79087095734732	24	21.2625675	9.43671541197738	20
Total Conjugated Linoleic Acid CLA 18:2 g	0.00408086247086251	0.747206132698283	0.0342769230769231	0.0265823924759152	13	0.0378727272727273	0.0276703845621665	11	0.0285333333333333	0.016742309504254	24	0.03621	0.0295672987926652	20
CLA cis-9, trans-11 g	0.00221594405594408	0.830036682551043	0.0282923076923077	0.0224926084725057	13	0.0314363636363637	0.0234610857688758	11	0.02335	0.0140644788462777	24	0.02871	0.0228779346693893	20
CLA trans-10, cis-12 g	0.00182132867132868	0.423090390553998	0.00630769230769231	0.00543728816268759	13	0.00563636363636364	0.00269342634102837	11	0.00525	0.00331334587231174	24	0.0064	0.00551934397322153	20
Tagatose mg	-2.74381239510491	0.475716876151235	2.18577692307692	7.88093077287976	13	5.16638181818182	11.4944739071276	11	1.1839625	5.80020799917986	24	1.420755	6.35380951874543	20
Vitamin D2 ergocalciferol mcg	0	NaN	0	0	13	0	0	11	0	0	24	0	0	20
Vitamin D3 cholecalciferol mcg	8.66034900932403	0.51120621777171	56.3903846153846	18.490457027606	13	47.1447272727273	25.1535212767156	11	55.8657083333333	26.0552248544429	24	55.2804	29.3229879704608	20
Added Sugars by Total Sugars g	-88.6318882284381	0.0295271878563014	123.444076923077	90.7408211422892	13	126.965181818182	105.116603361047	11	130.825333333333	77.1134939675545	24	45.71455	48.584953049137	20
Total Grains ounce equivalents	0.280954073426676	0.912565932833517	12.2171538461538	4.062498796844	13	12.4547772727273	5.75162460142192	11	12.45125	4.84164048060967	24	12.9698275	5.30125843057633	20
Whole Grains ounce equivalents	0	NaN	0	0	13	0	0	11	0	0	24	0	0	20
Refined Grains ounce equivalents	0.280954073426676	0.912565932833517	12.2171538461538	4.062498796844	13	12.4547772727273	5.75162460142192	11	12.45125	4.84164048060967	24	12.9698275	5.30125843057633	20
PUFA 18:3 n-3 alpha-linolenic acid ALA g	0.109728481934737	0.725048012239838	1.18069230769231	0.467545253534419	13	1.06309090909091	0.597939537837306	11	1.46777291666667	0.619560021477227	24	1.4599	0.679285607710119	20
Solid Fats g	4.70239448717939	0.669730206755616	15.5528461538462	19.7643315463579	13	12.9743	22.9607899112814	11	12.0163166666667	22.1159550307144	24	14.140165	21.1427827605614	20
Gluten g	-1.06193874708628	0.596670898113341	1.55430769230769	2.28511357794368	13	3.66842727272727	5.32255545468357	11	2.66440416666667	3.51038130202889	24	3.716585	4.31563753078634	20
Citrus Juice	0	NaN	0	0	13	0	0	11	0	0	24	0	0	20
Fruit Juice excluding Citrus Juice	0	NaN	0	0	13	0	0	11	0	0	24	0	0	20
Citrus Fruit	0	NaN	0	0	13	0	0	11	0	0	24	0	0	20
Fruit excluding Citrus Fruit	-0.0242424242424251	0.869080192471073	0	0	13	0.0909090909090909	0.301511344577764	11	0.0833333333333333	0.28232985128664	24	0.15	0.366347548532523	20
Avocado and Similar	0	NaN	0	0	13	0	0	11	0	0	24	0	0	20
Fried Fruits	0	NaN	0	0	13	0	0	11	0	0	24	0	0	20
Fruit-based Savory Snack	0	NaN	0	0	13	0	0	11	0	0	24	0	0	20
Dark-green Vegetables	0	NaN	0	0	13	0	0	11	0	0	24	0	0	20
Deep-yellow Vegetables	0	NaN	0	0	13	0	0	11	0	0	24	0	0	20
Tomato	0	NaN	0	0	13	0	0	11	0	0	24	0	0	20
White Potatoes	0	NaN	0	0	13	0	0	11	0	0	24	0	0	20
Fried Potatoes	0	NaN	0	0	13	0	0	11	0	0	24	0	0	20
Other Starchy Vegetables	-0.0107812499999997	0.104983668657909	0	0	13	0	0	11	0.01078125	0.0214685453047011	24	0	0	20
Legumes cooked dried beans	0	NaN	0	0	13	0	0	11	0	0	24	0	0	20
Other Vegetables	-0.0200330681818156	0.676158816173775	0	0	13	0.0276318181818182	0.0916443731844114	11	0.0379937500000001	0.102684024955094	24	0.0455925000000001	0.111351337376461	20
Fried Vegetables	0	NaN	0	0	13	0	0	11	0	0	24	0	0	20
Vegetable Juice	0	NaN	0	0	13	0	0	11	0	0	24	0	0	20
Vegetable-based Savory Snack	0	NaN	0	0	13	0	0	11	0	0	24	0	0	20
Grains, Flour and Dry Mixes - Whole Grain	0	NaN	0	0	13	0	0	11	0	0	24	0	0	20
Grains, Flour and Dry Mixes - Some Whole Grain	0	NaN	0	0	13	0	0	11	0	0	24	0	0	20
Grains, Flour and Dry Mixes - Refined Grain	0.409671328671397	0.847759228950161	11.0733076923077	3.60872030375994	13	10.3636363636364	3.98177667060139	11	10.5	4.18070100217239	24	10.2	4.57222737381845	20
Loaf-type Bread and Plain Rolls - Whole Grain	0	NaN	0	0	13	0	0	11	0	0	24	0	0	20
Loaf-type Bread and Plain Rolls - Some Whole Grain	0	NaN	0	0	13	0	0	11	0	0	24	0	0	20
Loaf-type Bread and Plain Rolls - Refined Grain	-1.09688250000001	0.383866094447841	0	0	13	2.2122	3.06930293666168	11	1.013925	2.31596790428876	24	2.1292425	2.97704897809343	20
Other Breads quick breads, corn muffins, tortillas - Whole Grain	0	NaN	0	0	13	0	0	11	0	0	24	0	0	20
Other Breads quick breads, corn muffins, tortillas - Some Whole Grain	0	NaN	0	0	13	0	0	11	0	0	24	0	0	20
Other Breads quick breads, corn muffins, tortillas - Refined Grain	0	NaN	0	0	13	0	0	11	0	0	24	0	0	20
Crackers - Whole Grain	0	NaN	0	0	13	0	0	11	0	0	24	0	0	20
Crackers - Some Whole Grain	0	NaN	0	0	13	0	0	11	0	0	24	0	0	20
Crackers - Refined Grain	0	NaN	0	0	13	0	0	11	0	0	24	0	0	20
Pasta - Whole Grain	0	NaN	0	0	13	0	0	11	0	0	24	0	0	20
Pasta - Some Whole Grain	0	NaN	0	0	13	0	0	11	0	0	24	0	0	20
Pasta - Refined Grain	-0.0618583333333346	0.156550618158523	0	0	13	0	0	11	0.0618583333333339	0.14129439022886	24	0	0	20
Ready-to-eat Cereal not presweetened - Whole Grain	0	NaN	0	0	13	0	0	11	0	0	24	0	0	20
Ready-to-eat Cereal not presweetened - Some Whole Grain	0	NaN	0	0	13	0	0	11	0	0	24	0	0	20
Ready-to-eat Cereal not presweetened - Refined Grain	0	NaN	0	0	13	0	0	11	0	0	24	0	0	20
Ready-to-eat Cereal presweetened - Whole Grain	0	NaN	0	0	13	0	0	11	0	0	24	0	0	20
Ready-to-eat Cereal presweetened - Some Whole Grain	0	NaN	0	0	13	0	0	11	0	0	24	0	0	20
Ready-to-eat Cereal presweetened - Refined Grain	0	NaN	0	0	13	0	0	11	0	0	24	0	0	20
Cakes, Cookies, Pies, Pastries, Danish, Doughnuts and Cobblers - Whole Grain	0	NaN	0	0	13	0	0	11	0	0	24	0	0	20
Cakes, Cookies, Pies, Pastries, Danish, Doughnuts and Cobblers - Some Whole Grain	0	NaN	0	0	13	0	0	11	0	0	24	0	0	20
Cakes, Cookies, Pies, Pastries, Danish, Doughnuts and Cobblers - Refined Grain	0.842696503496504	0.121862790442999	0.914769230769231	1.42818300378757	13	0.270272727272727	0.896393227429691	11	0.24775	0.839366647875181	24	0.44595	1.08915126178719	20
Snack Bars - Whole Grain	0	NaN	0	0	13	0	0	11	0	0	24	0	0	20
Snack Bars - Some Whole Grain	0	NaN	0	0	13	0	0	11	0	0	24	0	0	20
Snack Bars - Refined Grain	0	NaN	0	0	13	0	0	11	0	0	24	0	0	20
Snack Chips - Whole Grain	0	NaN	0	0	13	0	0	11	0	0	24	0	0	20
Snack Chips - Some Whole Grain	0	NaN	0	0	13	0	0	11	0	0	24	0	0	20
Snack Chips - Refined Grain	0	NaN	0	0	13	0	0	11	0	0	24	0	0	20
Popcorn	0	NaN	0	0	13	0	0	11	0	0	24	0	0	20
Flavored Popcorn	0	NaN	0	0	13	0	0	11	0	0	24	0	0	20
Baby Food Grain Mixtures - Refined Grain	0	NaN	0	0	13	0	0	11	0	0	24	0	0	20
Beef	0.0554883333333331	0.367122304001677	0	0	13	0	0	11	0.0213416666666669	0.104552387187796	24	0.0768300000000007	0.18764321435836	20
Lean Beef	0	NaN	0	0	13	0	0	11	0	0	24	0	0	20
Veal	0	NaN	0	0	13	0	0	11	0	0	24	0	0	20
Lean Veal	0	NaN	0	0	13	0	0	11	0	0	24	0	0	20
Lamb	0	NaN	0	0	13	0	0	11	0	0	24	0	0	20
Lean Lamb	0	NaN	0	0	13	0	0	11	0	0	24	0	0	20
Fresh Pork	0	NaN	0	0	13	0	0	11	0	0	24	0	0	20
Lean Fresh Pork	0	NaN	0	0	13	0	0	11	0	0	24	0	0	20
Cured Pork	0	NaN	0	0	13	0	0	11	0	0	24	0	0	20
Lean Cured Pork	0	NaN	0	0	13	0	0	11	0	0	24	0	0	20
Game	0	NaN	0	0	13	0	0	11	0	0	24	0	0	20
Poultry	0	NaN	0	0	13	0	0	11	0	0	24	0	0	20
Lean Poultry	0	NaN	0	0	13	0	0	11	0	0	24	0	0	20
Fried Chicken - Commercial Entr√©e and Fast Food	0	NaN	0	0	13	0	0	11	0	0	24	0	0	20
Fish - Fresh and Smoked	0	NaN	0	0	13	0	0	11	0	0	24	0	0	20
Lean Fish - Fresh and Smoked	2.12469160839161	0.472799223021405	13.1538461538462	4.33678363625537	13	11.1634545454545	5.57654832963252	11	13.0125	5.76980992076335	24	13.1468	6.61830792177037	20
Fried Fish - Commercial Entr√©e and Fast Food	0	NaN	0	0	13	0	0	11	0	0	24	0	0	20
Shellfish	0	NaN	0	0	13	0	0	11	0	0	24	0	0	20
Fried Shellfish - Commercial Entr√©e and Fast Food	0	NaN	0	0	13	0	0	11	0	0	24	0	0	20
Cold Cuts and Sausage	0	NaN	0	0	13	0	0	11	0	0	24	0	0	20
Lean Cold Cuts and Sausage	0	NaN	0	0	13	0	0	11	0	0	24	0	0	20
Organ Meats	0	NaN	0	0	13	0	0	11	0	0	24	0	0	20
Baby Food Meat Mixtures	0	NaN	0	0	13	0	0	11	0	0	24	0	0	20
Meat-based Savory Snack	0	NaN	0	0	13	0	0	11	0	0	24	0	0	20
Eggs	0	NaN	0	0	13	0	0	11	0	0	24	0	0	20
Egg Substitute	0	NaN	0	0	13	0	0	11	0	0	24	0	0	20
Nuts and Seeds	-1.16995251748254	0.549976768960995	1.01135384615385	3.64648814994543	13	1.19523636363637	3.96415055397062	11	1.64345000000001	4.44167950814145	24	0.657380000000003	2.93989273409764	20
Nut and Seed Butters	0.0256188636363633	0.619521359245373	0	0	13	0.0394136363636367	0.130720243441691	11	0	0	24	0.0650325000000006	0.158829979666277	20
Meat Alternatives	0	NaN	0	0	13	0	0	11	0	0	24	0	0	20
Milk - Whole	-0.132180944055945	0.351183299530513	0.0735576923076924	0.265216031320188	13	0.173863636363636	0.386822171088285	11	0.0796875000000001	0.26997792029285	24	0.0478125	0.213824000348418	20
Milk - Reduced Fat	0	NaN	0	0	13	0	0	11	0	0	24	0	0	20
Milk - Low Fat and Fat Free	0	NaN	0	0	13	0	0	11	0	0	24	0	0	20
Milk - Nondairy	0	NaN	0	0	13	0	0	11	0	0	24	0	0	20
Ready-to-drink Flavored Milk - Whole	0	NaN	0	0	13	0	0	11	0	0	24	0	0	20
Ready-to-drink Flavored Milk - Reduced Fat	0	NaN	0	0	13	0	0	11	0	0	24	0	0	20
Ready-to-drink Flavored Milk - Low Fat and Fat Free	0	NaN	0	0	13	0	0	11	0	0	24	0	0	20
Sweetened Flavored Milk Beverage Powder with Non-fat Dry Milk	0	NaN	0	0	13	0	0	11	0	0	24	0	0	20
Artificially Sweetened Flavored Milk Beverage Powder with Non-fat Dry Milk	0	NaN	0	0	13	0	0	11	0	0	24	0	0	20
Sweetened Flavored Milk Beverage Powder without Non-fat Dry Milk	0	NaN	0	0	13	0	0	11	0	0	24	0	0	20
Artificially Sweetened Flavored Milk Beverage Powder without Non-fat Dry Milk	0	NaN	0	0	13	0	0	11	0	0	24	0	0	20
Cheese - Full Fat	0	NaN	0	0	13	0	0	11	0	0	24	0	0	20
Cheese - Reduced Fat	0	NaN	0	0	13	0	0	11	0	0	24	0	0	20
Cheese - Low Fat and Fat Free	0	NaN	0	0	13	0	0	11	0	0	24	0	0	20
Cheese - Nondairy	0	NaN	0	0	13	0	0	11	0	0	24	0	0	20
Yogurt - Sweetened Whole Milk	0	NaN	0	0	13	0	0	11	0	0	24	0	0	20
Yogurt - Sweetened Low Fat	0	NaN	0	0	13	0	0	11	0	0	24	0	0	20
Yogurt - Sweetened Fat Free	0	NaN	0	0	13	0	0	11	0	0	24	0	0	20
Yogurt - Artificially Sweetened Whole Milk	0	NaN	0	0	13	0	0	11	0	0	24	0	0	20
Yogurt - Artificially Sweetened Low Fat	0	NaN	0	0	13	0	0	11	0	0	24	0	0	20
Yogurt - Artificially Sweetened Fat Free	0	NaN	0	0	13	0	0	11	0	0	24	0	0	20
Yogurt - Nondairy	0	NaN	0	0	13	0	0	11	0	0	24	0	0	20
Frozen Dairy Dessert	0	NaN	0	0	13	0	0	11	0	0	24	0	0	20
Frozen Nondairy Dessert	0	NaN	0	0	13	0	0	11	0	0	24	0	0	20
Pudding and Other Dairy Dessert	0	NaN	0	0	13	0	0	11	0	0	24	0	0	20
Artificially Sweetened Pudding and Other Dairy Dessert	0	NaN	0	0	13	0	0	11	0	0	24	0	0	20
Cream	0	NaN	0	0	13	0	0	11	0	0	24	0	0	20
Cream - Reduced Fat	0	NaN	0	0	13	0	0	11	0	0	24	0	0	20
Cream - Low Fat and Fat Free	0	NaN	0	0	13	0	0	11	0	0	24	0	0	20
Cream - Nondairy	0	NaN	0	0	13	0	0	11	0	0	24	0	0	20
Dairy-based Sweetened Meal Replacement	0	NaN	0	0	13	0	0	11	0	0	24	0	0	20
Dairy-based Artificially Sweetened Meal Replacement	0	NaN	0	0	13	0	0	11	0	0	24	0	0	20
Infant Formula	0	NaN	0	0	13	0	0	11	0	0	24	0	0	20
Infant Formula - Nondairy	0	NaN	0	0	13	0	0	11	0	0	24	0	0	20
Margarine - Regular	0	NaN	0	0	13	0	0	11	0	0	24	0	0	20
Margarine - Reduced Fat	0	NaN	0	0	13	0	0	11	0	0	24	0	0	20
Oil	-0.325825233100217	0.543544816244677	0.523384615384615	0.915198843463497	13	0.261818181818182	0.620802999055549	11	1.49139166666667	1.29527769657008	24	0.904	0.965308731633782	20
Shortening	0	NaN	0	0	13	0	0	11	0	0	24	0	0	20
Butter and Other Animal Fats - Regular	0	NaN	0	0	13	0	0	11	0	0	24	0	0	20
Butter and Other Animal Fats - Reduced Fat	0	NaN	0	0	13	0	0	11	0	0	24	0	0	20
Salad Dressing - Regular	0	NaN	0	0	13	0	0	11	0	0	24	0	0	20
Salad Dressing - Reduced Calorie	0	NaN	0	0	13	0	0	11	0	0	24	0	0	20
Sugar	-19.456263111888	0.0110286998790314	25.0453846153846	16.4998592899983	13	26.9502727272727	19.4192628186083	11	25.139375	13.6364326516122	24	7.588	11.0194291283981	20
Sugar Substitute	0	NaN	0	0	13	0	0	11	0	0	24	0	0	20
Syrup, Honey, Jam, Jelly, Preserves	0	NaN	0	0	13	0	0	11	0	0	24	0	0	20
Sauces, Sweet - Regular	0	NaN	0	0	13	0	0	11	0	0	24	0	0	20
Sauces, Sweet - Reduced Calorie	0	NaN	0	0	13	0	0	11	0	0	24	0	0	20
Chocolate Candy	0	NaN	0	0	13	0	0	11	0	0	24	0	0	20
Non-chocolate Candy	0	NaN	0	0	13	0	0	11	0	0	24	0	0	20
Frosting or Glaze	0	NaN	0	0	13	0	0	11	0	0	24	0	0	20
Sweetened Soft Drinks	0	NaN	0	0	13	0	0	11	0	0	24	0	0	20
Artificially Sweetened Soft Drinks	0	NaN	0	0	13	0	0	11	0	0	24	0	0	20
Unsweetened Soft Drinks	0	NaN	0	0	13	0	0	11	0	0	24	0	0	20
Sweetened Fruit Drinks	0	NaN	0	0	13	0	0	11	0	0	24	0	0	20
Artificially Sweetened Fruit Drinks	0	NaN	0	0	13	0	0	11	0	0	24	0	0	20
Sweetened Tea	0	NaN	0	0	13	0	0	11	0	0	24	0	0	20
Artificially Sweetened Tea	0	NaN	0	0	13	0	0	11	0	0	24	0	0	20
Unsweetened Tea	-0.140340909090911	0.0759915868859954	0	0	13	0.0590909090909096	0.195982373975548	11	0.0812500000000007	0.219590775524959	24	0	0	20
Sweetened Coffee	0	NaN	0	0	13	0	0	11	0	0	24	0	0	20
Artificially Sweetened Coffee	0	NaN	0	0	13	0	0	11	0	0	24	0	0	20
Unsweetened Coffee	-0.814124417249423	0.0260518341658086	0.561538461538462	0.876701642082853	13	0.995454545454547	0.953075166357447	11	0.380208333333334	0.757103288523274	24	0	0	20
Sweetened Coffee Substitutes	0	NaN	0	0	13	0	0	11	0	0	24	0	0	20
Artificially Sweetened Coffee Substitutes	0	NaN	0	0	13	0	0	11	0	0	24	0	0	20
Unsweetened Coffee Substitutes	0	NaN	0	0	13	0	0	11	0	0	24	0	0	20
Sweetened Water	0	NaN	0	0	13	0	0	11	0	0	24	0	0	20
Artificially Sweetened Water	0	NaN	0	0	13	0	0	11	0	0	24	0	0	20
Unsweetened Water	3.18438696386948	0.0729712240031087	4.61538461538461	2.55076660171217	13	6.31818181818182	3.11867541812808	11	3.83333333333333	2.83482484186554	24	8.7205175	4.54416418666134	20
Nondairy-based Sweetened Meal Replacement	0	NaN	0	0	13	0	0	11	0	0	24	0	0	20
Nondairy-based Artificially Sweetened Meal Replacement	0	NaN	0	0	13	0	0	11	0	0	24	0	0	20
Nondairy-based Unsweetened Meal Replacement	-0.140340909090911	0.0759915868859956	0	0	13	0.0590909090909096	0.195982373975548	11	0.0812500000000007	0.219590775524959	24	0	0	20
Non-alcoholic Beer	0	NaN	0	0	13	0	0	11	0	0	24	0	0	20
Non-alcoholic Light Beer	0	NaN	0	0	13	0	0	11	0	0	24	0	0	20
Beer and Ales	0	NaN	0	0	13	0	0	11	0	0	24	0	0	20
Cordial and Liqueur	0	NaN	0	0	13	0	0	11	0	0	24	0	0	20
Distilled Liquor	0	NaN	0	0	13	0	0	11	0	0	24	0	0	20
Wine	0	NaN	0	0	13	0	0	11	0	0	24	0	0	20
Gravy - Regular	0	NaN	0	0	13	0	0	11	0	0	24	0	0	20
Gravy - Reduced Fat	0	NaN	0	0	13	0	0	11	0	0	24	0	0	20
Sauces and Condiments - Regular	0	NaN	0	0	13	0	0	11	0	0	24	0	0	20
Sauces and Condiments - Reduced Fat	1.67693012820513	0.0917662770558071	0.870538461538462	1.56831930291553	13	0.303	0.604712162933738	11	0.918958333333334	1.88589022870106	24	2.02835	2.53081861678245	20
Pickled Foods	0	NaN	0	0	13	0	0	11	0	0	24	0	0	20
Miscellaneous Dessert	0	NaN	0	0	13	0	0	11	0	0	24	0	0	20
Non-grain Flour and Similar	0	NaN	0	0	13	0	0	11	0	0	24	0	0	20
Soup Broth	-0.140736363636364	0.499367409512208	0.113	0.407427294127431	13	0.400636363636364	0.686168969383966	11	0	0	24	0.1469	0.452148659763927	20
Baby Food Dessert	0	NaN	0	0	13	0	0	11	0	0	24	0	0	20
Miscellaneous Baby Food Mixtures	0	NaN	0	0	13	0	0	11	0	0	24	0	0	20
Baby Food Grain Mixtures - Whole Grain	0	NaN	0	0	13	0	0	11	0	0	24	0	0	20
Baby Food Grain Mixtures - Some Whole Grain	0	NaN	0	0	13	0	0	11	0	0	24	0	0	20
approx_soda_days	-0.550860323886636	0.0267781587739957	0.3125	0.62227667549858	24	0.25	0.575223741635528	18	0.671052631578947	0.75584493431035	38	0.0576923076923077	0.294174202707276	26
approx_tang_days	-0.595570570570594	0.558728403580131	1.79166666666667	2.85107404120023	24	1.02777777777778	2.24572942573115	18	1.95945945945946	2.86593590099091	37	0.6	1.56790731018556	25
approx_toddy_days	-0.584233018443532	0.609598902353713	2	3	24	0.638888888888889	1.68737139427638	18	3.11842105263158	3.41387116899038	38	1.17307692307692	2.30192227363266	26
approx_ice_block_days	-2.11760233918127	0.0414983241076927	3	3.05030290726789	24	1.94444444444444	2.20219735778026	18	4.51315789473684	2.8248100680119	38	1.34	1.55268584502253	25
approx_juice_days	-0.10475708502024	0.312706044994749	0	0	24	0	0	18	0.148026315789474	0.385391235881368	38	0.0432692307692308	0.220630652030457	26
approx_fruit_drink_days	-0.373931623931593	0.723259705990306	0	0	24	0	0	18	2.52777777777778	3.40995275301254	36	2.15384615384615	3.29475107032149	26
approx_coffee_tea_days	-1.21827327327329	0.235864379454187	2.20833333333333	2.95221606765916	24	2.44444444444444	2.4488225795561	18	1.66216216216216	2.59286964056679	37	0.68	1.94657819433658	25
approx_tioka_days	-2.71118233618237	0.0160915163727399	4.20833333333333	3.39730285177325	24	3.47222222222222	3.21060843703304	18	6.87037037037037	0.673575314054563	27	3.42307692307692	2.76655853974684	26
approx_water_days	0.758912505623025	0.38673093626699	1.60416666666667	2.33582294718151	24	1.94444444444444	2.20219735778026	18	1.88157894736842	2.26439601912667	38	2.98076923076923	1.81372968896012	26
approx_soda_amt	-0.702269230769228	0.0247946316031908	0.447115384615384	0.93446045724463	26	0.278999999999999	0.771115263757629	25	0.929999999999998	1.15352303167964	40	0.0596153846153845	0.372297957596827	39
approx_tang_amt	-0.683076923076938	0.242757465646039	1.01923076923077	1.76907189922156	26	0.76	1.67779617355625	25	1.25	1.92819830877136	40	0.307692307692308	1.02350908652656	39
approx_toddy_amt	-1.18160256410256	0.0430625310933598	0.826923076923077	1.44873950517205	26	0.58	1.49080515158756	25	1.7875	2.14800891704208	40	0.358974358974359	1.03204394763574	39
approx_ice_block_amt	-0.943461538461534	0.0540894993978643	1.15384615384615	1.30206935889937	26	0.58	0.953939201416946	25	2.325	1.68534406439297	40	0.807692307692308	1.20096115353815	39
approx_juice_amt	0	NaN	0	0	26	0	0	25	0	0	40	0	0	39
approx_fruit_drink_amt	-0.654807692307699	0.23509338591508	0	0	26	0	0	25	1.4625	2.13453742061366	40	0.807692307692308	1.74949385393012	39
approx_coffee_tea_amt	-0.913298076923085	0.0324296813825465	0.896153846153846	1.35855975775253	26	0.991999999999999	1.35663339435039	25	0.894374999999999	1.44042470032546	40	0.0769230769230769	0.269952762399508	39
approx_tioka_amt	-1.92358974358974	0.00172305481139797	1.23076923076923	1.41584440692309	26	1.18	1.54029218007494	25	3	2.12132034355964	40	1.02564102564103	1.35213631139334	39
approx_water_amt	0.350897435897435	0.205457385794483	0.538461538461538	0.706018086497463	26	0.56	0.711805216802087	25	0.525	0.505736325340815	40	0.897435897435897	1.02070336416847	39
soda_servings	-1.53415991902833	0.0387005468020722	0.9375	1.86683002649574	24	0.75	1.72567122490658	18	1.89473684210526	2.25159971580821	38	0.173076923076923	0.882522608121828	26
tang_servings	-6.25228209459472	0.192083099252094	6.80989583333333	12.4611499416832	24	5.41458333333333	11.5891535005924	18	9.30709459459458	13.9904231692998	37	1.6595	6.11568730806276	25
toddy_servings	-8.67489035087714	0.0547689161721794	3.44791666666667	6.79193062081549	24	2.33333333333333	7.42412601312933	18	12.7894736842105	15.3638886806427	38	3	8.52877482408816	26
ice_block_servings	-9.17513888888885	0.0180965895348678	5.80208333333333	8.07504851468353	24	3.22222222222222	7.29468424955142	18	14.625	12.8458572036784	38	2.87	4.54326424501151	25
juice_servings	-0.10475708502024	0.312706044994749	0	0	24	0	0	18	0.148026315789474	0.385391235881368	38	0.0432692307692308	0.220630652030457	26
fruit_drink_servings	-2.80120192307676	0.536451168047346	0	0	24	0	0	18	11.009375	14.8515620796385	36	8.20817307692307	13.790847482256	26
coffee_tea_servings	-5.35401651651656	0.17214011289992	6.17499999999999	11.0851692932886	24	6.4736111111111	10.8884500065781	18	5.5554054054054	10.9671164661036	37	0.5	1.53432938662683	25
tioka_servings	-24.0323183760684	1.81439075567383e-10	8.76041666666667	10.1973672984178	24	9.04166666666667	10.2283666972845	18	30.7222222222222	4.04145188432738	27	6.97115384615385	7.21883886891684	26
water_servings	1.96083558254611	0.0933798623758326	1.97916666666667	2.95796333673176	24	2.44444444444444	2.97977934876398	18	1.88157894736842	2.26439601912667	38	4.30769230769231	3.47585075363406	26
Complete records	6.26746881642458	0.528978869368586	75.3639632608696	17.4395982853488	23	77.4672602777778	29.2366548538561	18	82.0345125	26.0714994127665	26	90.4052783333333	20.3500813804273	24
Mean_whole	2.98763348429946	0.402621668192405	88.8061669565217	7.60771090327883	23	88.0776338888889	8.30148601149651	18	83.463075	8.89856677636	26	85.7221754166667	8.60472136580589	24
Median_whole	1.87952898550717	0.584439560143873	84.6086956521739	8.01554813208102	23	83.8333333333333	8.65175942664095	18	79.25	8.38838482665167	26	80.3541666666667	7.36395328414124	24
SD_whole	1.61175493682643	0.398910514911634	22.2667313043478	3.62401518940388	23	20.2720961111111	3.29099261391407	18	21.5248769230769	4.76257796851644	26	21.1419966666667	5.57626291304386	24
CV_whole	0.748378561408378	0.703337154487205	25.1777352173913	3.70779124419214	23	23.0923527777778	3.55544876591145	18	25.8795684615385	5.10956227167196	26	24.5425645833333	5.48904207000043	24
LBGI_whole	-0.898232852656973	0.36730538462115	4.56250786956522	2.03979572532633	23	4.41854688888889	2.15321724749777	18	6.44773125	2.74284786362271	26	5.40553741666667	2.27082374777404	24
HBGI_whole	0.0788030294955396	0.223156978978832	0.19654789473913	0.148212415021096	23	0.140497835	0.12681739077936	18	0.142117932076923	0.150449199334609	26	0.164870901833333	0.172022545251152	24
eA1c_whole	0.104734827248232	0.402622192958112	4.70511695652174	0.266697068810882	23	4.67957755555556	0.291018196757163	18	4.51780861538462	0.311949526867675	26	4.59700404166667	0.301648485934623	24
AUC_wholeh  glucose  length	3.35759763145665	0.342747829888632	88.5292995652174	7.66176231222739	23	87.4575522222222	7.79223182913792	18	83.3145134615385	8.93032330358132	26	85.60036375	8.59235373117478	24
AUC over 140mgdl_wholeh  glucose  length	0.351092074014906	0.194622243024982	0.668062530434783	0.624955575539611	23	0.40169943	0.530656252693447	18	0.501585881461538	0.622885894332021	26	0.586314855041667	0.720965457802837	24
AUC over 180mgdl_wholeh  glucose  length	0.0754460534751005	0.430662372573633	0.117560793043478	0.23247586677064	23	0.0513677907222222	0.142429497253028	18	0.128706416346154	0.241342985763744	26	0.1379594675	0.248415586540846	24
AUC over 250mgdl_wholeh  glucose  length	0	NaN	0	0	23	0	0	18	0	0	26	0	0	24
AUC below 54mgdl_whole	-0.129868355151432	0.344087062154022	0.219694981391304	0.287019791439126	23	0.126864469055556	0.276391110359657	18	0.427753551153846	0.36963977307668	26	0.205054683666667	0.331205757107484	24
AUC below 70mgdl_whole	-0.499560889788189	0.484464736935747	1.6575732173913	1.4208878505639	23	1.43262286666667	1.50365935622114	18	2.67309545384615	1.72902221699515	26	1.94858421333333	1.95847235827007	24
M100_whole	-7.37355952294662	0.518647324919085	104.581074782609	24.744594702768	23	102.120597222222	26.3171232169754	18	123.996195	29.9768167013877	26	114.162157916667	25.6666513969117	24
J_whole	0.88819230248976	0.388564017861662	12.4504326956522	2.18354238794157	23	11.8326154444444	2.14676474087824	18	11.1915886153846	2.70055483983728	26	11.4619636666667	2.50712774783815	24
Time spent below 70 mgdl_whole	-5.48479276409316	0.39885209646315	18.6073199130435	13.1295893130573	23	19.3896262777778	15.2585657272517	18	28.1356168076923	16.4060679818439	26	23.4331304083333	15.9378798522266	24
Time spend below 54 mgdl_whole	-1.34940133210707	0.414477706304274	2.80462432173913	3.17737367623711	23	1.70702758333333	3.30427666814117	18	5.09378830384615	4.27834522320034	26	2.64679023333333	4.42228423590763	24
Time spent over 180 mgdl_whole	0.230172582789851	0.409043807326371	0.405625986956522	0.643813065656834	23	0.29534095	0.512605355141794	18	0.3823959	0.624765840981378	26	0.502283445833333	0.781232339268654	24
Time spent over 140 mgdl_whole	1.49493071267649	0.127986756671731	3.27220834782609	2.12747608092181	23	2.17562211111111	2.32496885356044	18	2.23127296153846	2.24184067427883	26	2.6296174375	2.48838806205953	24
Time spent over 250 mgdl_whole	0	NaN	0	0	23	0	0	18	0	0	26	0	0	24
Time in range 70-180mgdl_whole	5.19641047705303	0.41731926437209	80.9619347826087	13.0261054518755	23	80.3157505555556	15.1561620591911	18	71.42209	16.1633506786008	26	75.97231625	15.5665270876594	24
Time in range 70-140mgdl_whole	3.76126771460416	0.531135059401902	78.1204713043478	12.0378816577281	23	78.4347516666667	14.6107323458981	18	69.3933419230769	15.0462583988935	26	73.46889	14.593755661871	24
GRADE_whole	-0.342970407071283	0.556082403974044	2.38962408695652	1.09923960644913	23	2.05808659444444	1.05996391425791	18	3.52220550625	1.33718245608842	16	2.84769760666667	1.40526511740304	15
GRADE_hyp_whole	-4.96721087077319	0.664677958047502	62.7299204347826	23.0194600600927	23	59.7768683888889	28.3182897128455	18	79.76597625	18.7201039827671	16	71.8457133333333	24.2641889733974	15
GRADE_eu_whole	0.466533349818964	0.945004201442366	23.5200596956522	14.5415485338959	23	26.8413205	17.9694725437921	18	12.0494083125	10.8245277213341	16	15.8372024666667	10.7920706277504	15
GRADE_hyper_whole	6.66344394769331	0.17208637957549	13.3702153913043	9.73877363306385	23	9.75721536111111	9.87079337368951	18	7.5984264625	9.09557518496992	16	10.64887038	11.8412426767014	15
Number of hypoglycemic events_whole	-0.957264957264992	0.576412478148205	4	3.34392257413628	23	5.44444444444444	3.07211791712688	18	4.84615384615385	4.56676960393062	26	5.33333333333333	4.60308655111996	24
Mean duration of a hypoglycemic event_wholemin	-67.2804744147141	0.255286464142246	208.42572173913	131.136393396307	23	270.9127	130.938951944107	18	224.542821153846	148.533078901073	26	219.749325	140.627496479836	24
Number of prolonged >120 min hypoglycemic events_whole	-0.105026012634733	0.933361561054685	3.04347826086957	2.77125276675247	23	3.72222222222222	2.08088090948933	18	3.38461538461538	3.06041726667359	26	3.95833333333333	3.51987112741691	24
MAGE	4.35605035833331	0.480521983121579	44.9161369	11.817479923512	20	39.726391875	10.7430207174135	16	47.3671899047619	15.4932110694991	21	46.5334952380952	14.5932244039316	21
MODD	2.5052801828645	0.265266184342166	22.4847045	4.22480805107351	20	19.3677158823529	3.8447742531504	17	20.6355913043478	5.1370254085054	23	20.0238828695652	6.23640328840535	23
CONGA1h	2.23025373529414	0.306840178166119	19.3358975	4.2683741351367	20	17.5679117647059	4.06633274862965	17	17.5353320434783	5.3124285524257	23	17.9976000434783	5.50078461181287	23
CONGA2h	3.4570923580563	0.160487535623528	20.555202	4.62157090081489	20	18.1921052941176	4.05138645475706	17	18.5853204347826	5.9446962939593	23	19.6793160869565	6.59464293618467	23
CONGA3h	3.02672511636831	0.217651654249926	20.5281855	4.44228946980635	20	18.3747164705882	3.38799257850416	17	18.9659217391304	6.36082997610779	23	19.839177826087	6.55383376719026	23
CONGA4h	2.49169367864452	0.290305082844348	20.25236585	4.22352032535086	20	18.3287888235294	3.83059508497355	17	19.1454629130435	5.98011827940557	23	19.7135795652174	6.21584249852122	23
CONGA6h	2.46211499526857	0.264724349219809	20.12407965	3.92613840547484	20	18.2901111764706	3.58693444959425	17	18.9236536086957	5.67057145696626	23	19.5518001304348	5.77032933447448	23
Mean_night	6.79205047562143	0.110713999856945	80.1334534782609	9.29297333952653	23	77.9610464705882	9.82058938672531	17	72.6919346153846	11.1925752894187	26	77.3115780833333	8.84245257435945	24
Median_night	5.38193979933113	0.175770397084033	78.0434782608696	8.46639485833452	23	75.5	9.11900487991974	17	71.7240384615385	9.25721470197497	26	74.5625	9.95021575033732	24
SD_night	1.82361148504832	0.394448679428439	14.7355334782609	4.41691044094062	23	12.8148066470588	4.95741881591272	17	14.3526028461538	5.08178589842909	26	14.2554875	5.40595711648751	24
CV_night	1.27926892326562	0.621430797344003	18.727697	6.00743202205797	23	16.2083178235294	5.44557921135833	17	19.5936104615385	5.53234009075559	26	18.3535002083333	6.93818971550409	24
LBGI_night	-2.10274608790741	0.156196384791238	6.34095069565217	3.58342682139572	23	6.54321341176471	3.09522381351141	17	8.91611328846154	3.5072486544372	26	7.01562991666667	3.45958920194526	24
HBGI_night	-0.0119970147267522	0.631831184739571	0.0276798975217391	0.0545110009216542	23	0.0400873565882353	0.0698265281703309	17	0.0284325500769231	0.058676293703342	26	0.0288429944166667	0.0527372046553118	24
eA1c_night	0.238103073465065	0.110714099373819	4.40108504347826	0.325776055661984	23	4.32492888235294	0.344271961751513	17	4.14021392307692	0.392368505084791	26	4.30216083541667	0.309982358108557	24
AUC_nighth  glucose  length	6.76373898904855	0.112312865603111	79.2527395652174	9.28976513581209	23	77.1905852941177	9.69187865891213	17	71.9429946153846	11.3680399313937	26	76.6445793333333	8.71493406899585	24
AUC over 140mgdl_nighth  glucose  length	0.00681822373598377	0.937376663475565	0.0880434782608695	0.196198902615055	23	0.0893382352941176	0.198932265898323	17	0.0973557692307692	0.203471228593589	26	0.10546875	0.210018377980771	24
AUC over 180mgdl_nighth  glucose  length	0	NaN	0	0	23	0	0	17	0	0	26	0	0	24
AUC over 250mgdl_nighth  glucose  length	0	NaN	0	0	23	0	0	17	0	0	26	0	0	24
AUC below 54mgdl_night	-0.237963201494233	0.498317013913777	0.547352602608695	0.935998808858207	23	0.136213152352941	0.28768971087038	17	0.992936384	0.994527799149279	26	0.34383373225	0.734288611972015	24
AUC below 70mgdl_night	-1.54755461740703	0.219922535036099	2.58943027521739	2.96712876823138	23	2.39926977647059	2.3283498974781	17	4.71688504615385	3.00946628692363	26	2.97916993	3.17937858043092	24
M100_night	-30.0829195912029	0.112176215604048	120.197351304348	45.3763169044563	23	128.382758235294	42.8291508476038	17	154.533853076923	44.9453050662785	26	132.636340416667	41.9511755356237	24
J_night	1.56539962286054	0.101684140461233	9.10937126086957	2.05422139194739	23	8.41079017647059	2.48607472080495	17	7.62602346153846	2.22356623941666	26	8.492842	2.15393471174486	24
Time spent below 70 mgdl_night	-19.8358219757209	0.0775611498309632	26.5407683913043	22.8135946227458	23	34.4581312352941	28.1253755079172	17	45.9249057692308	28.2064283663547	26	34.0064466375	24.7832670850299	24
Time spend below 54 mgdl_night	-1.69566683026416	0.639907226387589	5.68092049130435	8.79919882526926	23	2.21217478823529	3.8592903477743	17	10.1599809	9.63302304902721	26	4.99556836666667	9.05970669792268	24
Time spent over 180 mgdl_night	0	NaN	0	0	23	0	0	17	0	0	26	0	0	24
Time spent over 140 mgdl_night	0.035774628693282	0.937376663475563	0.461956495652173	1.02943862842746	23	0.468749973529411	1.04378034854831	17	0.510817278846153	1.06759589220945	26	0.553385385416666	1.10194821730107	24
Time spent over 250 mgdl_night	0	NaN	0	0	23	0	0	17	0	0	26	0	0	24
Time in range 70-180mgdl_night	19.7262128877307	0.079215322209145	73.3496226086957	22.8256266541553	23	65.5418688235294	28.1253755870546	17	54.0750942307692	28.2064283522861	26	65.9935533333333	24.783267057937	24
Time in range 70-140mgdl_night	19.4911054737199	0.078073658037212	72.8677230434783	22.6486639484463	23	65.3207052941176	28.0053006629143	17	53.4302526923077	27.6377452694854	26	65.3743404166667	24.1268290314546	24
GRADE_night	-1.20436277886499	0.274492778951492	2.9719719	2.75922467072284	23	2.47697481764706	1.67145731209128	17	4.81346319038462	2.78894912290365	26	3.11410332916667	2.6265757160759	24
GRADE_hyp_night	-15.4496843421618	0.118261073891367	79.4668048695652	25.3700429360826	23	84.2465891764706	23.0404287422944	17	92.7418435769231	14.1999872351842	26	82.0719435416667	27.5835502600271	24
GRADE_eu_night	12.5145039891893	0.142094320860849	17.3011358695652	22.0369442513423	23	15.9762216958823	22.9660442549852	17	4.55672813157692	6.45174141343379	26	15.7463179470833	24.1988673233707	24
GRADE_hyper_night	0.223706964555095	0.937376663475564	2.88872	6.43731603018751	23	2.93120117647059	6.52699809795234	17	3.19425769230769	6.67592215883757	26	3.46044583333333	6.89073513251066	24
Number of hypoglycemic events_night	-0.0381828316611059	0.949242128460062	1.39130434782609	1.19617308092336	23	1.16666666666667	1.20049009599756	18	2.34615384615385	1.64784241218164	26	2.08333333333333	1.47196014438797	24
Mean duration of a hypoglycemic event_nightmin	10.8623536789294	0.920710592949842	232.119565217391	242.643301960235	23	228.125	276.616987404223	18	362.538461538462	231.729202867352	26	369.40625	280.590137153705	24
Number of prolonged >120 min hypoglycemic events_night	-0.413461538461549	0.420264283859016	1	0.904534033733291	23	1	1.18817705157201	18	2.03846153846154	1.37056978606036	26	1.625	1.27901116696352	24
Mean_wake	1.71359651105531	0.62560644390472	91.5376665217391	7.84082587672463	23	90.8794205555556	7.88252016154991	18	87.5443165384615	8.66825041895811	26	88.5996670833333	8.49489704329476	24
Median_wake	0.0322370865848543	0.992018371732279	87.7608695652174	7.66169570184486	23	87.7222222222222	7.74259080788212	18	83.6730769230769	7.57488258350228	26	83.6666666666667	7.42742665171906	24
SD_wake	2.33863525315863	0.27026764553293	23.0535804347826	3.74859565749565	23	20.9287061111111	3.54010974123874	18	21.6651661538462	5.4361819418552	26	21.8789270833333	6.24301270948673	24
CV_wake	2.11435577991449	0.305481652549676	25.26463	3.48305828290442	23	23.0658427777778	3.52489252885115	18	24.7342476923077	5.25157521118935	26	24.64981625	6.16926290383911	24
LBGI_wake	-0.107911252647714	0.894295331414726	4.0007987826087	1.75533567599352	23	3.82071666666667	1.91973366735094	18	4.81571507692308	1.95307336457697	26	4.52772170833333	2.00676665653279	24
HBGI_wake	0.0975043895236422	0.247633386081468	0.245608728695652	0.186629781711509	23	0.176209474444444	0.165835554795413	18	0.187806566769231	0.198482710212507	26	0.215911702041667	0.227371759251545	24
eA1c_wake	0.0600724586584891	0.625604322173357	4.80087295652174	0.274869286289531	23	4.77779722222222	0.276330713139923	18	4.66088119230769	0.303875424096259	26	4.69787791666667	0.297798292478376	24
AUC_wakeh  glucose  length	2.06904210934592	0.553671861932762	91.2369865217391	7.91430269256961	23	90.2679311111111	7.53217137475282	18	87.2617203846154	8.69095694274249	26	88.3617070833333	8.46870455504802	24
AUC over 140mgdl_wakeh  glucose  length	0.417702089916753	0.238673731172238	0.833776719130435	0.776420186902258	23	0.528981629444444	0.705539816334553	18	0.665136317269231	0.828858201435005	26	0.7780433175	0.962057263789001	24
AUC over 180mgdl_wakeh  glucose  length	0.0922356552169248	0.434642509296667	0.146259579565217	0.286675589949902	23	0.0650928311111111	0.175965354985528	18	0.160374083653846	0.29762366106104	26	0.171442990416667	0.306219143666908	24
AUC over 250mgdl_wakeh  glucose  length	0	NaN	0	0	23	0	0	18	0	0	26	0	0	24
AUC below 54mgdl_wake	-0.0113309669671146	0.902415877785468	0.140865952173913	0.195415213678589	23	0.103606426	0.221986562120171	18	0.168594082307692	0.214248617341099	26	0.120003589166667	0.237529995241042	24
AUC below 70mgdl_wake	-0.164172430270356	0.773511230338562	1.35102143043478	1.12892658240732	23	1.14655085333333	1.32660416247445	18	1.82257646153846	1.40778393037174	26	1.45393345416667	1.46770458443218	24
M100_wake	2.93721840440355	0.755067024614336	99.6020547826087	20.1778542997452	23	94.5534533333333	22.2413205093807	18	108.170038461538	22.1668166417583	26	106.058655416667	23.8878374675098	24
J_wake	0.949629251718666	0.41133184778818	13.2629649130435	2.43443875586117	23	12.5932828888889	2.22268048892579	18	12.1146972307692	2.92735471593522	26	12.3946444583333	3.05007760261922	24
Time spent below 70 mgdl_wake	-0.995156530425481	0.853043716627212	16.0807927826087	10.9325657491235	23	15.0656724444444	11.6888645422154	18	21.5875505769231	13.2499147776341	26	19.5772737083333	14.1284563230823	24
Time spend below 54 mgdl_wake	-0.807993693812744	0.517125601506366	1.92190958695652	2.3059290165431	23	1.31856475	2.65196072658309	18	3.06654568076923	3.31046974847189	26	1.65520715	3.22237527755568	24
Time spent over 180 mgdl_wake	0.240286696878479	0.50574433881963	0.478323517391304	0.730225307747894	23	0.394932766666667	0.687516337444535	18	0.518017403846154	0.84152624560467	26	0.67491335	1.04910883967473	24
Time spent over 140 mgdl_wake	2.01832425127273	0.117909731615627	4.16298898695652	2.80169715157101	23	2.74157040555556	2.81853495574585	18	2.92962468846154	2.9441508586054	26	3.52653035833333	3.4180747397887	24
Time spent over 250 mgdl_wake	0	NaN	0	0	23	0	0	18	0	0	26	0	0	24
Time in range 70-180mgdl_wake	0.670948143348192	0.898614899105471	83.3819882608696	10.7876683293163	23	84.5405027777778	11.582316389469	18	77.8097769230769	12.9740856164475	26	79.6392395833333	13.7343372598005	24
Time in range 70-140mgdl_wake	-1.1139133983649	0.820121027955099	79.7562186956522	9.53445231408863	23	82.0976255555556	11.1618348234852	18	75.2743465384615	11.8335197677979	26	76.50184	13.1281549741813	24
GRADE_wake	0.0406735140189414	0.919999427778688	2.1993817826087	0.740925641864403	23	1.90855605	0.913586368276011	18	2.39525107692308	0.988330604502073	26	2.14509885833333	1.11302280397541	24
GRADE_hyp_wake	-1.91360976690806	0.865241881879637	55.6910482608696	24.053309795768	23	52.6709559444444	28.5136836011748	18	66.76483	26.3498310249907	26	61.8311279166667	27.5613575903988	24
GRADE_eu_wake	-2.05919912685805	0.762587342130109	27.2397133913043	14.5300627413069	23	31.6012687777778	18.7345244670828	18	20.6057431153846	15.5347371926399	26	22.908099375	15.8499214171501	24
GRADE_hyper_wake	5.78033130321429	0.294106263940773	17.0692379130435	12.0793001817442	23	13.0110764777778	12.9983769301008	18	11.9591396653846	13.0518467951522	26	13.6813095333333	13.5479013268101	24
Number of hypoglycemic events_wake	-2.1279264214047	0.180508982251081	3.39130434782609	3.10042710305272	23	5.16666666666667	3.65014101258632	18	4.76923076923077	3.91211137170395	26	4.41666666666667	4.09577371431096	24
Mean duration of a hypoglycemic event_wakemin	-0.589354166666795	0.987939798368047	147.0471	91.2770456074851	23	141.077283333333	82.0025570240289	18	166.786	85.8189696416544	26	160.226829166667	104.719328643148	24
Number of prolonged >120 min hypoglycemic events_wake	-1.24298587885547	0.235595500041627	2.34782608695652	2.2884829364008	23	3.05555555555556	2.4125218005043	18	3.07692307692308	2.52860557498518	26	2.54166666666667	2.57038597451259	24
pct_calories_total_sugar	-12.2669755424631	0.0108155256502357	18.8534265455377	10.9011751587246	13	19.5205979820826	10.1905364912713	11	21.0567771243234	7.69621974870442	24	9.45697301840527	9.05468374425277	20
pct_calories_added_sugar	-10.8245322070895	0.0312845475117211	18.1513751102811	10.8935683651771	13	18.1701469574755	10.8828929207418	11	19.2455922397615	9.18285037321528	24	8.43983187986641	8.62220605718483	20
water_servings_per_day	0.280119368935158	0.0933798623758326	0.282738095238095	0.42256619096168	24	0.349206349206349	0.425682764109139	18	0.268796992481203	0.323485145589524	38	0.615384615384615	0.496550107662009	26
tioka_servings_per_day	-3.43318833943834	1.81439075567392e-10	1.2514880952381	1.45676675691683	24	1.29166666666667	1.46119524246921	18	4.38888888888889	0.577350269189626	27	0.995879120879121	1.03126269555955	26
tang_servings_per_day	-0.893183156370675	0.192083099252093	0.972842261904761	1.78016427738332	24	0.773511904761904	1.65559335722749	18	1.32958494208494	1.99863188132854	37	0.237071428571428	0.873669615437537	25
ice_block_servings_per_day	-1.31073412698412	0.0180965895348679	0.828869047619048	1.1535783592405	24	0.46031746031746	1.04209774993592	18	2.08928571428571	1.83512245766835	38	0.41	0.649037749287358	25
soda_servings_per_day	-0.219165702718333	0.0387005468020722	0.133928571428571	0.266690003785106	24	0.107142857142857	0.246524460700941	18	0.270676691729323	0.321657102258315	38	0.0247252747252747	0.126074658303118	26
juice_servings_per_day	-0.0149652978600342	0.312706044994751	0	0	24	0	0	18	0.0211466165413534	0.0550558908401954	38	0.00618131868131868	0.0315186645757796	26
fruit_drink_servings_per_day	-0.400171703296682	0.536451168047344	0	0	24	0	0	18	1.57276785714286	2.12165172566264	36	1.17259615384615	1.97012106889371	26
coffee_tea_servings_per_day	-0.764859502359508	0.17214011289992	0.882142857142856	1.58359561332695	24	0.924801587301586	1.55549285808259	18	0.793629343629342	1.56673092372908	37	0.0714285714285714	0.219189912375262	25
